7158 261 259 43 26 0 0
7158 244 252 9 7 1 0
7159 261 258 42 27 0 0
7159 244 252 9 7 1 0
7160 261 258 42 26 0 0
7160 244 252 9 7 1 0
7161 261 258 42 26 0 0
7161 244 252 9 7 1 0
7162 261 258 42 25 0 0
7162 243 252 9 7 1 0
7163 261 258 42 25 0 0
7163 243 252 8 7 1 0
7164 260 259 42 24 0 0
7164 243 252 7 7 1 0
7165 259 260 42 25 0 0
7165 243 252 7 7 1 0
7166 259 260 42 24 0 0
7166 242 252 9 7 1 0
7167 259 260 41 23 0 0
7167 241 252 9 8 1 0
7168 258 260 42 23 0 0
7168 241 252 9 8 1 0
7169 257 260 42 22 0 0
7169 241 252 9 8 1 0
7170 257 260 43 24 0 0
7170 241 252 9 8 1 0
7171 256 260 43 24 0 0
7171 240 253 7 7 1 0
7172 256 260 43 23 0 0
7172 240 253 7 6 1 0
7173 257 259 41 29 0 0
7173 239 253 8 7 1 0
7174 254 260 43 26 0 0
7174 239 253 8 7 1 0
7175 254 260 42 25 0 0
7175 239 253 7 7 1 0
7176 255 260 42 26 0 0
7176 239 253 7 7 1 0
7177 254 260 42 27 0 0
7177 239 253 7 7 1 0
7178 254 260 42 25 0 0
7178 238 253 7 6 1 0
7179 253 259 44 28 0 0
7179 238 253 7 6 1 0
7180 253 259 44 27 0 0
7180 237 252 7 7 1 0
7181 252 259 46 27 0 0
7181 236 252 8 7 1 0
7182 253 259 44 27 0 0
7182 235 252 8 7 1 0
7183 252 259 43 27 0 0
7183 235 252 8 7 1 0
7184 252 259 43 27 0 0
7184 235 252 7 7 1 0
7185 252 259 43 28 0 0
7185 234 253 8 6 1 0
7186 251 259 42 29 0 0
7186 233 253 8 6 1 0
7187 250 259 43 31 0 0
7187 233 253 8 6 1 0
7188 250 260 43 28 0 0
7188 233 253 8 6 1 0
7189 250 260 42 28 0 0
7189 233 253 8 6 1 0
7190 250 260 41 28 0 0
7190 233 253 8 6 1 0
7191 249 260 42 28 0 0
7191 233 253 7 6 1 0
7192 249 260 43 29 0 0
7192 233 253 7 6 1 0
7193 249 260 43 30 0 0
7193 232 253 7 7 1 0
7194 249 261 43 29 0 0
7194 232 253 7 7 1 0
7195 249 262 42 28 0 0
7195 232 255 7 7 1 0
7196 249 262 42 28 0 0
7196 232 255 7 7 1 0
7197 248 262 43 29 0 0
7197 232 255 7 7 1 0
7198 248 263 43 27 0 0
7198 232 255 7 7 1 0
7199 248 263 43 27 0 0
7199 232 255 7 7 1 0
7200 247 262 44 27 0 0
7200 232 255 7 7 1 0
7201 248 262 43 27 0 0
7201 232 255 7 7 1 0
7202 248 261 43 27 0 0
7202 232 255 7 7 1 0
7203 248 260 43 26 0 0
7203 232 253 7 7 1 0
7204 248 259 43 26 0 0
7204 232 253 7 7 1 0
7205 248 258 43 27 0 0
7205 232 251 7 7 1 0
7206 249 258 42 27 0 0
7206 232 251 7 7 1 0
7207 248 258 43 26 0 0
7207 232 251 7 7 1 0
7208 249 256 42 28 0 0
7208 232 251 7 7 1 0
7209 249 256 42 26 0 0
7209 232 249 7 7 1 0
7210 249 255 42 26 0 0
7210 232 249 7 6 1 0
7211 249 255 42 25 0 0
7211 232 247 7 7 1 0
7212 249 254 42 25 0 0
7212 232 247 7 7 1 0
7213 249 253 42 25 0 0
7213 232 247 7 7 1 0
7214 248 253 43 25 0 0
7214 230 246 7 6 1 0
7215 249 253 42 24 0 0
7215 230 246 7 6 1 0
7216 248 253 43 25 0 0
7216 230 246 7 6 1 0
7217 248 253 42 25 0 0
7217 230 246 7 6 1 0
7218 248 253 42 25 0 0
7218 230 246 7 6 1 0
7219 246 253 44 25 0 0
7219 230 246 7 6 1 0
7220 246 253 44 25 0 0
7220 228 246 7 6 1 0
7221 246 252 44 26 0 0
7221 228 246 7 6 1 0
7222 246 252 44 26 0 0
7222 228 246 7 6 1 0
7223 245 252 44 26 0 0
7223 228 245 6 6 1 0
7224 244 252 44 25 0 0
7224 227 245 6 6 1 0
7225 243 252 44 25 0 0
7225 227 245 6 6 1 0
7226 242 251 44 25 0 0
7226 226 244 6 7 1 0
7227 241 250 44 26 0 0
7227 225 244 6 6 1 0
7228 241 250 43 25 0 0
7228 224 243 7 7 1 0
7229 241 249 42 24 0 0
7229 224 243 7 7 1 0
7230 240 248 42 25 0 0
7230 223 242 7 7 1 0
7231 240 248 42 24 0 0
7231 223 242 7 7 1 0
7232 239 248 43 25 0 0
7232 222 241 6 7 1 0
7233 239 248 42 24 0 0
7233 221 241 7 7 1 0
7234 238 248 42 24 0 0
7234 221 241 7 7 1 0
7235 237 248 42 23 0 0
7235 221 241 7 7 1 0
7236 236 248 42 23 0 0
7236 220 241 6 7 1 0
7237 236 248 42 25 0 0
7237 219 241 7 8 1 0
7238 236 248 42 25 0 0
7238 219 241 7 9 1 0
7239 236 249 42 26 0 0
7239 219 244 7 7 1 0
7240 235 250 43 26 0 0
7240 219 244 7 7 1 0
7241 236 251 42 26 0 0
7241 219 246 7 7 1 0
7242 236 251 42 26 0 0
7242 219 246 7 8 1 0
7243 236 252 42 25 0 0
7243 219 246 7 8 1 0
7244 236 253 43 25 0 0
7244 219 246 7 8 1 0
7245 236 252 44 25 0 0
7245 219 246 7 7 1 0
7246 237 252 43 25 0 0
7246 219 246 7 7 1 0
7247 237 250 44 24 0 0
7247 221 245 7 7 1 0
7248 237 249 44 25 0 0
7248 221 244 7 6 1 0
7249 237 249 44 23 0 0
7249 221 244 7 6 1 0
7250 237 248 43 23 0 0
7250 221 244 7 6 1 0
7251 236 247 43 24 0 0
7251 220 243 7 6 1 0
7252 236 248 42 22 0 0
7252 219 243 7 6 1 0
7253 236 248 41 23 0 0
7253 219 243 7 6 1 0
7254 235 248 41 24 0 0
7254 219 243 7 6 1 0
7255 238 248 39 22 0 0
7255 219 243 7 6 1 0
7256 233 248 44 24 0 0
7256 219 242 7 7 1 0
7257 232 248 45 24 0 0
7257 219 242 7 7 1 0
7258 233 248 44 24 0 0
7258 219 242 7 7 1 0
7259 233 248 44 24 0 0
7259 219 242 7 7 1 0
7260 233 248 44 23 0 0
7260 221 242 7 7 1 0
7261 235 248 43 22 0 0
7261 221 240 7 7 1 0
7262 236 246 44 22 0 0
7262 223 240 7 7 1 0
7263 237 246 44 22 0 0
7263 225 240 6 6 1 0
7264 237 246 45 22 0 0
7264 226 239 7 6 1 0
7265 238 245 45 23 0 0
7265 226 239 7 6 1 0
7266 240 244 43 24 0 0
7266 226 239 7 6 1 0
7267 241 244 43 24 0 0
7267 229 239 6 6 1 0
7268 242 244 43 24 0 0
7268 231 239 6 6 1 0
7269 242 244 43 24 0 0
7269 230 239 6 6 1 0
7270 242 244 44 24 0 0
7270 231 239 6 6 1 0
7271 241 244 45 26 0 0
7271 229 241 6 6 1 0
7272 240 245 46 24 0 0
7272 229 241 6 6 1 0
7273 240 246 45 23 0 0
7273 225 242 6 6 1 0
7274 238 246 47 22 0 0
7274 225 242 6 6 1 0
7275 235 246 47 24 0 0
7275 222 242 6 6 1 0
7276 233 246 45 24 0 0
7276 219 241 7 6 1 0
7277 231 246 45 24 0 0
7277 217 241 7 6 1 0
7278 229 244 44 24 0 0
7278 215 241 7 6 1 0
7279 226 243 45 24 0 0
7279 213 240 6 5 1 0
7280 224 241 45 24 0 0
7280 211 238 6 5 1 0
7281 222 240 45 24 0 0
7281 211 238 6 5 1 0
7282 222 239 44 22 0 0
7282 206 235 8 6 1 0
7283 219 238 45 25 0 0
7283 206 235 8 6 1 0
7284 218 238 46 25 0 0
7284 206 233 8 6 1 0
7285 217 237 45 25 0 0
7285 205 234 7 6 1 0
7286 217 237 45 25 0 0
7286 205 234 7 6 1 0
7287 217 237 45 25 0 0
7287 203 233 7 6 1 0
7288 217 236 45 24 0 0
7288 203 233 7 6 1 0
7289 217 236 45 24 0 0
7289 203 233 7 6 1 0
7290 219 236 44 23 0 0
7290 205 232 7 6 1 0
7291 221 236 43 23 0 0
7291 205 232 7 6 1 0
7292 221 236 43 23 0 0
7292 207 232 7 6 1 0
7293 223 235 42 22 0 0
7293 209 232 6 6 1 0
7294 223 235 43 22 0 0
7294 209 231 7 7 1 0
7295 226 234 42 24 0 0
7295 209 231 7 7 1 0
7296 227 234 41 23 0 0
7296 211 231 7 6 1 0
7297 227 234 42 23 0 0
7297 212 231 6 6 1 0
7298 228 232 44 25 0 0
7298 213 230 6 6 1 0
7299 227 233 45 23 0 0
7299 213 230 6 6 1 0
7300 227 232 45 24 0 0
7300 214 229 6 6 1 0
7301 228 231 45 24 0 0
7301 214 228 6 6 1 0
7302 228 230 45 24 0 0
7302 214 227 6 6 1 0
7303 229 229 45 23 0 0
7303 215 226 6 5 1 0
7304 228 227 46 23 0 0
7304 215 224 6 5 1 0
7305 229 226 45 23 0 0
7305 215 224 6 5 1 0
7306 229 224 45 24 0 0
7306 215 221 7 6 1 0
7307 228 224 46 24 0 0
7307 215 221 7 6 1 0
7308 228 224 46 22 0 0
7308 215 219 7 6 1 0
7309 228 222 44 25 0 0
7309 215 219 7 6 1 0
7310 229 222 43 24 0 0
7310 215 219 7 6 1 0
7311 226 222 46 24 0 0
7311 213 217 7 6 1 0
7312 226 221 46 24 0 0
7312 213 217 7 6 1 0
7313 226 221 46 24 0 0
7313 213 217 7 6 1 0
7314 226 221 46 24 0 0
7314 213 217 7 6 1 0
7315 226 221 46 23 0 0
7315 213 217 7 6 1 0
7316 227 221 45 23 0 0
7316 213 217 7 6 1 0
7317 226 221 47 23 0 0
7317 215 217 7 6 1 0
7318 227 221 46 23 0 0
7318 215 217 7 6 1 0
7319 226 221 48 23 0 0
7319 217 217 7 6 1 0
7320 228 221 46 24 0 0
7320 217 218 7 6 1 0
7321 228 221 47 26 0 0
7321 219 219 6 6 1 0
7322 229 222 46 24 0 0
7322 219 219 6 6 1 0
7323 230 223 47 23 0 0
7323 220 220 7 7 1 0
7324 230 223 47 25 0 0
7324 220 220 7 7 1 0
7325 231 224 47 27 0 0
7325 220 222 7 6 1 0
7326 231 224 47 27 0 0
7326 220 223 7 6 1 0
7327 231 225 47 26 0 0
7327 221 224 6 6 1 0
7328 231 226 47 26 0 0
7328 221 225 6 6 1 0
7329 232 227 47 26 0 0
7329 221 225 6 6 1 0
7330 233 227 46 26 0 0
7330 220 226 7 6 1 0
7331 230 228 48 25 0 0
7331 220 227 7 6 1 0
7332 232 229 45 26 0 0
7332 218 227 7 6 1 0
7333 230 231 46 27 0 0
7333 217 228 7 7 1 0
7334 230 231 45 27 0 0
7334 217 228 7 7 1 0
7335 229 232 46 24 0 0
7335 215 230 7 6 1 0
7336 228 233 46 25 0 0
7336 215 230 7 6 1 0
7337 227 233 46 25 0 0
7337 214 231 7 7 1 0
7338 225 233 46 25 0 0
7338 212 231 7 7 1 0
7339 223 235 46 26 0 0
7339 212 233 7 7 1 0
7340 223 237 45 24 0 0
7340 211 234 7 6 1 0
7341 223 238 45 24 0 0
7341 209 236 7 6 1 0
7342 222 239 46 24 0 0
7342 209 236 7 6 1 0
7343 222 239 46 25 0 0
7343 209 236 7 6 1 0
7344 221 239 47 25 0 0
7344 209 238 7 6 1 0
7345 222 240 46 24 0 0
7345 209 239 7 6 1 0
7346 221 241 47 25 0 0
7346 209 240 7 6 1 0
7347 221 243 47 23 0 0
7347 209 240 7 6 1 0
7348 221 243 47 23 0 0
7348 211 240 7 6 1 0
7349 221 244 47 22 0 0
7349 211 241 7 6 1 0
7350 221 244 47 24 0 0
7350 211 241 7 6 1 0
7351 222 245 46 22 0 0
7351 211 241 7 6 1 0
7352 222 245 46 21 0 0
7352 211 241 7 6 1 0
7353 223 245 45 23 0 0
7353 211 241 7 6 1 0
7354 223 246 45 22 0 0
7354 211 241 7 6 1 0
7355 222 246 46 22 0 0
7355 211 241 7 6 1 0
7356 222 246 46 22 0 0
7356 211 241 7 6 1 0
7357 223 245 45 23 0 0
7357 211 241 7 6 1 0
7358 223 245 45 23 0 0
7358 211 241 7 6 1 0
7359 223 245 45 24 0 0
7359 211 241 7 6 1 0
7360 224 245 44 24 0 0
7360 211 241 7 6 1 0
7361 223 245 45 23 0 0
7361 211 241 7 6 1 0
7362 222 245 46 23 0 0
7362 211 241 7 6 1 0
7363 223 245 45 23 0 0
7363 211 241 7 6 1 0
7364 225 244 42 22 0 0
7364 211 241 7 6 1 0
7365 225 244 42 22 0 0
7365 211 241 7 6 1 0
7366 225 244 42 21 0 0
7366 211 241 7 6 1 0
7367 224 244 43 21 0 0
7367 211 241 7 6 1 0
7368 224 244 42 21 0 0
7368 211 241 7 6 1 0
7369 224 243 42 22 0 0
7369 211 241 7 6 1 0
7370 224 243 42 22 0 0
7370 211 241 7 6 1 0
7371 224 243 42 22 0 0
7371 211 241 7 6 1 0
7372 224 243 42 22 0 0
7372 211 241 7 6 1 0
7373 224 243 42 22 0 0
7373 211 241 7 6 1 0
7374 223 243 43 21 0 0
7374 211 241 7 6 1 0
7375 223 243 43 22 0 0
7375 211 241 7 6 1 0
7376 222 243 44 22 0 0
7376 211 241 7 6 1 0
7377 222 243 43 22 0 0
7377 211 241 7 6 1 0
7378 222 243 43 23 0 0
7378 211 239 7 6 1 0
7379 221 243 44 22 0 0
7379 211 239 7 6 1 0
7380 220 242 44 23 0 0
7380 211 239 7 6 1 0
7381 220 242 44 23 0 0
7381 211 239 7 6 1 0
7382 220 242 44 23 0 0
7382 211 239 7 6 1 0
7383 220 242 44 23 0 0
7383 211 239 7 6 1 0
7384 220 242 44 23 0 0
7384 211 239 7 6 1 0
7385 220 242 44 23 0 0
7385 211 239 7 6 1 0
7386 219 242 45 23 0 0
7386 211 239 7 6 1 0
7387 219 242 45 24 0 0
7387 211 239 7 6 1 0
7388 220 242 44 23 0 0
7388 211 239 7 6 1 0
7389 220 242 44 23 0 0
7389 211 239 7 6 1 0
7390 219 242 44 23 0 0
7390 211 239 7 6 1 0
7391 219 242 44 23 0 0
7391 211 239 7 6 1 0
7392 219 242 44 23 0 0
7392 211 239 7 6 1 0
7393 219 242 44 23 0 0
7393 211 239 7 6 1 0
7394 218 242 45 24 0 0
7394 211 239 7 6 1 0
7395 218 242 44 24 0 0
7395 211 239 7 6 1 0
7396 218 242 44 23 0 0
7396 211 239 7 6 1 0
7397 218 242 44 23 0 0
7397 210 239 7 6 1 0
7398 217 242 45 24 0 0
7398 210 239 7 6 1 0
7399 217 242 45 24 0 0
7399 209 239 7 6 1 0
7400 217 241 45 24 0 0
7400 210 239 7 6 1 0
7401 217 240 45 24 0 0
7401 209 239 7 6 1 0
7402 217 240 45 24 0 0
7402 209 239 7 6 1 0
7403 217 240 45 24 0 0
7403 210 237 7 6 1 0
7404 217 239 45 22 0 0
7404 209 237 7 6 1 0
7405 217 239 45 22 0 0
7405 209 237 7 6 1 0
7406 217 239 45 22 0 0
7406 209 235 7 6 1 0
7407 217 239 44 22 0 0
7407 209 235 7 6 1 0
7408 217 237 44 24 0 0
7408 209 235 7 6 1 0
7409 217 237 43 22 0 0
7409 209 235 7 6 1 0
7410 217 236 44 22 0 0
7410 209 233 7 6 1 0
7411 217 235 44 23 0 0
7411 209 233 7 6 1 0
7412 217 235 42 23 0 0
7412 208 233 7 6 1 0
7413 217 235 43 23 0 0
7413 209 233 7 6 1 0
7414 217 235 41 23 0 0
7414 208 233 7 6 1 0
7415 217 235 41 23 0 0
7415 208 232 7 6 1 0
7416 216 235 42 23 0 0
7416 208 232 7 6 1 0
7417 216 235 42 23 0 0
7417 208 232 7 6 1 0
7418 216 235 42 23 0 0
7418 208 232 7 6 1 0
7419 216 235 42 23 0 0
7419 208 232 7 6 1 0
7420 216 235 42 23 0 0
7420 208 232 7 6 1 0
7421 216 235 42 23 0 0
7421 208 232 7 6 1 0
7422 216 236 42 22 0 0
7422 208 233 7 6 1 0
7423 216 236 42 23 0 0
7423 208 234 7 6 1 0
7424 216 237 42 23 0 0
7424 208 234 7 6 1 0
7425 216 239 42 23 0 0
7425 208 236 7 6 1 0
7426 216 241 42 22 0 0
7426 208 236 7 6 1 0
7427 216 242 41 22 0 0
7427 209 238 7 6 1 0
7428 215 243 42 22 0 0
7428 207 239 7 6 1 0
7429 214 243 43 22 0 0
7429 207 239 7 6 1 0
7430 214 244 43 22 0 0
7430 205 240 7 6 1 0
7431 212 245 43 23 0 0
7431 205 240 7 6 1 0
7432 212 245 43 23 0 0
7432 205 242 7 6 1 0
7433 210 247 43 23 0 0
7433 203 244 7 6 1 0
7434 209 248 43 23 0 0
7434 203 244 7 6 1 0
7435 209 249 43 22 0 0
7435 203 246 7 6 1 0
7436 210 251 42 22 0 0
7436 203 247 7 6 1 0
7437 210 252 42 22 0 0
7437 203 248 7 6 1 0
7438 210 253 41 21 0 0
7438 203 249 7 6 1 0
7439 210 253 41 21 0 0
7439 203 249 7 6 1 0
7440 210 253 41 21 0 0
7440 203 249 7 6 1 0
7441 210 253 41 21 0 0
7441 203 249 7 6 1 0
7442 211 253 40 21 0 0
7442 203 249 7 6 1 0
7443 211 253 41 21 0 0
7443 205 249 7 6 1 0
7444 212 253 41 21 0 0
7444 205 249 7 6 1 0
7445 212 253 41 21 0 0
7445 205 249 7 6 1 0
7446 212 253 41 21 0 0
7446 205 249 7 6 1 0
7447 212 252 41 21 0 0
7447 203 248 7 7 1 0
7448 212 252 41 20 0 0
7448 203 248 7 7 1 0
7449 213 250 40 22 0 0
7449 202 247 8 7 1 0
7450 214 250 39 20 0 0
7450 202 246 7 6 1 0
7451 212 249 41 20 0 0
7451 202 246 7 6 1 0
7452 212 248 41 20 0 0
7452 202 245 7 6 1 0
7453 212 247 41 19 0 0
7453 202 244 7 6 1 0
7454 211 245 42 20 0 0
7454 202 243 7 6 1 0
7455 210 244 43 20 0 0
7455 201 242 7 6 1 0
7456 210 242 43 21 0 0
7456 201 241 7 6 1 0
7457 210 241 43 21 0 0
7457 201 239 7 6 1 0
7458 208 240 44 22 0 0
7458 200 238 7 6 1 0
7459 208 240 43 20 0 0
7459 200 237 7 6 1 0
7460 207 238 43 22 0 0
7460 199 236 7 6 1 0
7461 206 238 43 20 0 0
7461 198 235 7 6 1 0
7462 204 237 44 21 0 0
7462 198 235 6 6 1 0
7463 205 237 43 20 0 0
7463 198 235 6 6 1 0
7464 203 236 45 20 0 0
7464 197 234 6 6 1 0
7465 203 235 45 20 0 0
7465 196 233 6 6 1 0
7466 203 234 44 21 0 0
7466 196 232 6 6 1 0
7467 204 232 42 22 0 0
7467 196 231 6 6 1 0
7468 203 231 43 21 0 0
7468 195 230 6 6 1 0
7469 202 230 44 22 0 0
7469 194 229 7 6 1 0
7470 201 230 44 22 0 0
7470 194 229 7 6 1 0
7471 201 230 44 22 0 0
7471 194 229 7 6 1 0
7472 200 229 45 23 0 0
7472 194 228 6 6 1 0
7473 200 229 45 22 0 0
7473 194 228 6 6 1 0
7474 200 228 45 22 0 0
7474 194 228 6 6 1 0
7475 200 228 45 22 0 0
7475 193 227 6 6 1 0
7476 200 227 45 23 0 0
7476 193 227 6 6 1 0
7477 199 225 45 23 0 0
7477 193 225 6 6 1 0
7478 199 224 45 22 0 0
7478 193 224 6 6 1 0
7479 199 224 45 22 0 0
7479 193 222 6 7 1 0
7480 198 222 46 22 0 0
7480 192 221 6 7 1 0
7481 198 221 46 22 0 0
7481 192 220 6 7 1 0
7482 198 221 45 21 0 0
7482 191 219 7 8 1 0
7483 197 221 46 21 0 0
7483 191 219 7 8 1 0
7484 197 219 45 22 0 0
7484 190 218 7 7 1 0
7485 195 219 46 22 0 0
7485 190 218 7 7 1 0
7486 196 217 45 23 0 0
7486 188 216 8 9 1 0
7487 194 216 46 23 0 0
7487 188 216 8 8 1 0
7488 194 216 45 23 0 0
7488 187 215 8 7 1 0
7489 192 213 47 24 0 0
7489 187 213 8 8 1 0
7490 192 213 46 24 0 0
7490 186 212 7 7 1 0
7491 191 212 46 24 0 0
7491 185 211 7 7 1 0
7492 191 212 46 24 0 0
7492 185 210 7 7 1 0
7493 189 212 47 23 0 0
7493 185 210 7 7 1 0
7494 188 210 48 26 0 0
7494 185 210 7 7 1 0
7495 188 210 48 26 0 0
7495 185 210 7 7 1 0
7496 188 210 46 25 0 0
7496 185 210 7 7 1 0
7497 189 210 45 25 0 0
7497 185 210 7 7 1 0
7498 189 210 45 25 0 0
7498 185 210 7 7 1 0
7499 189 210 45 25 0 0
7499 185 210 7 7 1 0
7500 189 210 45 25 0 0
7500 183 208 7 8 1 0
7501 189 210 45 23 0 0
7501 184 208 7 7 1 0
7502 190 208 44 23 0 0
7502 183 207 7 7 1 0
7503 190 208 44 23 0 0
7503 184 206 7 7 1 0
7504 190 208 44 23 0 0
7504 184 205 7 7 1 0
7505 190 208 44 23 0 0
7505 184 204 7 7 1 0
7506 191 205 45 23 0 0
7506 184 202 7 7 1 0
7507 191 203 45 25 0 0
7507 185 202 7 7 1 0
7508 191 202 45 24 0 0
7508 185 201 7 7 1 0
7509 193 201 46 24 0 0
7509 187 201 6 6 1 0
7510 193 200 46 23 0 0
7510 188 200 7 6 1 0
7511 194 200 46 23 0 0
7511 188 200 7 6 1 0
7512 194 200 46 23 0 0
7512 190 200 6 6 1 0
7513 196 200 47 24 0 0
7513 192 200 6 6 1 0
7514 196 200 47 25 0 0
7514 192 200 6 6 1 0
7515 199 200 46 26 0 0
7515 195 201 6 6 1 0
7516 201 202 46 25 0 0
7516 195 201 6 6 1 0
7517 201 204 46 23 0 0
7517 197 203 7 7 1 0
7518 202 205 47 24 0 0
7518 197 203 7 7 1 0
7519 203 205 46 25 0 0
7519 199 205 6 7 1 0
7520 203 208 47 23 0 0
7520 199 205 6 7 1 0
7521 203 208 47 24 0 0
7521 199 205 6 7 1 0
7522 203 208 47 24 0 0
7522 199 205 6 7 1 0
7523 203 208 47 24 0 0
7523 199 205 6 7 1 0
7524 203 207 47 24 0 0
7524 200 207 6 7 1 0
7525 203 207 47 24 0 0
7525 200 207 6 7 1 0
7526 203 207 47 24 0 0
7526 200 207 6 7 1 0
7527 203 205 47 25 0 0
7527 199 206 6 7 1 0
7528 202 204 47 26 0 0
7528 198 206 6 7 1 0
7529 201 204 46 25 0 0
7529 197 206 6 7 1 0
7530 200 204 46 25 0 0
7530 196 207 6 7 1 0
7531 199 204 46 25 0 0
7531 198 207 6 7 1 0
7532 197 204 47 25 0 0
7532 198 207 6 7 1 0
7533 197 204 46 25 0 0
7533 198 204 6 7 1 0
7534 195 204 48 25 0 0
7534 196 204 6 7 1 0
7535 194 204 47 24 0 0
7535 196 204 6 7 1 0
7536 193 204 48 24 0 0
7536 196 202 6 7 1 0
7537 192 203 47 25 0 0
7537 194 202 6 7 1 0
7538 192 201 45 25 0 0
7538 192 200 7 8 1 0
7539 192 201 45 25 0 0
7539 192 198 7 8 1 0
7540 191 201 45 24 0 0
7540 191 198 7 7 1 0
7541 190 201 46 23 0 0
7541 191 198 7 7 1 0
7542 189 199 47 25 0 0
7542 190 197 8 8 1 0
7543 188 199 48 25 0 0
7543 190 197 8 8 1 0
7544 188 198 48 26 0 0
7544 189 196 8 9 1 0
7545 188 198 48 26 0 0
7545 189 196 8 9 1 0
7546 188 198 48 26 0 0
7546 189 196 8 8 1 0
7547 187 198 49 26 0 0
7547 189 196 8 8 1 0
7548 187 198 49 26 0 0
7548 189 196 8 8 1 0
7549 187 198 49 26 0 0
7549 189 196 8 8 1 0
7550 187 198 49 26 0 0
7550 189 196 8 8 1 0
7551 187 198 49 24 0 0
7551 189 196 8 8 1 0
7552 187 198 49 24 0 0
7552 189 196 8 8 1 0
7553 187 198 49 24 0 0
7553 189 196 8 8 1 0
7554 187 199 49 24 0 0
7554 189 196 8 8 1 0
7555 187 199 49 25 0 0
7555 189 196 8 8 1 0
7556 187 199 49 25 0 0
7556 189 196 8 8 1 0
7557 187 199 49 25 0 0
7557 189 196 8 8 1 0
7558 187 199 49 25 0 0
7558 189 196 8 8 1 0
7559 188 199 48 25 0 0
7559 189 196 8 8 1 0
7560 188 200 48 24 0 0
7560 189 196 8 8 1 0
7561 189 200 47 24 0 0
7561 189 197 8 8 1 0
7562 190 199 46 21 0 0
7562 189 197 8 8 1 0
7563 190 199 46 21 0 0
7563 191 197 8 8 1 0
7564 192 196 46 21 0 0
7564 191 194 8 8 1 0
7565 192 194 47 22 0 0
7565 191 192 8 8 1 0
7566 193 193 46 22 0 0
7566 191 190 8 8 1 0
7567 193 192 48 22 0 0
7567 193 189 8 8 1 0
7568 195 190 46 24 0 0
7568 193 187 8 8 1 0
7569 196 190 45 24 0 0
7569 193 187 8 8 1 0
7570 197 192 45 23 0 0
7570 195 189 7 8 1 0
7571 197 192 45 24 0 0
7571 195 189 7 8 1 0
7572 197 193 47 23 0 0
7572 195 189 7 8 1 0
7573 198 194 47 22 0 0
7573 198 192 7 8 1 0
7574 200 195 45 21 0 0
7574 201 192 7 8 1 0
7575 202 195 46 22 0 0
7575 202 192 8 8 1 0
7576 203 196 47 21 0 0
7576 202 194 8 8 1 0
7577 204 197 46 21 0 0
7577 205 195 8 8 1 0
7578 208 199 46 19 0 0
7578 212 200 7 5 1 0
7579 208 199 46 19 0 0
7579 212 200 7 5 1 0
7580 212 200 43 19 0 0
7580 214 201 6 6 1 0
7581 212 200 44 19 0 0
7581 216 201 5 6 1 0
7582 212 199 45 19 0 0
7582 217 201 6 6 1 0
7583 212 199 45 19 0 0
7583 217 201 6 6 1 0
7584 212 199 45 19 0 0
7584 218 202 6 6 1 0
7585 212 199 45 19 0 0
7585 216 203 6 5 1 0
7586 212 199 45 19 0 0
7586 215 204 6 5 1 0
7587 212 199 45 20 0 0
7587 215 204 6 5 1 0
7588 212 199 45 22 0 0
7588 215 204 6 5 1 0
7589 212 199 45 22 0 0
7589 213 205 6 5 1 0
7590 210 199 44 22 0 0
7590 211 206 6 5 1 0
7591 208 199 45 22 0 0
7591 211 206 6 5 1 0
7592 208 202 45 22 0 0
7592 210 206 6 5 1 0
7593 208 203 45 22 0 0
7593 210 206 6 5 1 0
7594 206 203 44 22 0 0
7594 208 207 6 5 1 0
7595 206 203 43 22 0 0
7595 208 207 6 5 1 0
7596 206 203 42 22 0 0
7596 207 208 6 5 1 0
7597 206 203 42 22 0 0
7597 206 209 6 5 1 0
7598 206 203 42 22 0 0
7598 206 209 6 5 1 0
7599 203 204 45 21 0 0
7599 205 209 6 5 1 0
7600 203 204 45 21 0 0
7600 205 209 6 5 1 0
7601 203 204 45 21 0 0
7601 205 209 6 5 1 0
7602 203 204 45 21 0 0
7602 205 209 6 5 1 0
7603 203 204 45 21 0 0
7603 205 209 6 5 1 0
7604 203 204 45 21 0 0
7604 205 210 6 5 1 0
7605 203 204 46 21 0 0
7605 205 210 6 5 1 0
7606 203 205 46 20 0 0
7606 205 210 6 5 1 0
7607 203 206 46 21 0 0
7607 205 210 6 5 1 0
7608 203 206 47 22 0 0
7608 207 210 6 5 1 0
7609 203 206 48 22 0 0
7609 207 210 6 6 1 0
7610 203 207 48 21 0 0
7610 209 211 6 6 1 0
7611 203 207 49 22 0 0
7611 210 213 6 5 1 0
7612 203 207 49 22 0 0
7612 210 213 6 5 1 0
7613 208 208 45 22 0 0
7613 211 214 7 5 1 0
7614 208 208 45 23 0 0
7614 211 214 7 5 1 0
7615 208 208 45 24 0 0
7615 212 214 7 5 1 0
7616 208 208 45 24 0 0
7616 213 214 7 5 1 0
7617 208 208 46 24 0 0
7617 214 214 6 6 1 0
7618 208 208 45 24 0 0
7618 213 214 6 6 1 0
7619 208 209 45 23 0 0
7619 213 214 6 6 1 0
7620 208 209 45 23 0 0
7620 213 214 6 6 1 0
7621 208 209 45 21 0 0
7621 212 214 6 6 1 0
7622 207 209 44 21 0 0
7622 211 214 6 6 1 0
7623 207 207 44 21 0 0
7623 211 214 6 6 1 0
7624 207 207 44 21 0 0
7624 209 212 7 5 1 0
7625 207 207 44 21 0 0
7625 209 212 7 5 1 0
7626 207 205 44 22 0 0
7626 209 211 7 5 1 0
7627 207 205 44 22 0 0
7627 209 211 7 5 1 0
7628 207 205 44 21 0 0
7628 209 210 7 5 1 0
7629 207 205 44 21 0 0
7629 209 210 7 5 1 0
7630 207 204 44 22 0 0
7630 209 210 7 5 1 0
7631 207 204 44 20 0 0
7631 208 208 7 5 1 0
7632 207 203 44 20 0 0
7632 208 208 7 5 1 0
7633 207 203 44 20 0 0
7633 208 208 7 5 1 0
7634 207 202 44 22 0 0
7634 208 208 7 5 1 0
7635 207 202 44 22 0 0
7635 208 208 7 5 1 0
7636 207 202 44 23 0 0
7636 208 208 7 5 1 0
7637 207 202 44 23 0 0
7637 208 208 7 5 1 0
7638 207 202 44 23 0 0
7638 209 208 7 5 1 0
7639 207 202 44 23 0 0
7639 209 208 7 5 1 0
7640 209 202 43 23 0 0
7640 210 208 7 5 1 0
7641 209 202 43 23 0 0
7641 210 208 7 5 1 0
7642 209 202 43 23 0 0
7642 210 208 7 5 1 0
7643 209 202 43 23 0 0
7643 210 208 7 5 1 0
7644 209 202 45 23 0 0
7644 210 208 7 5 1 0
7645 209 201 45 24 0 0
7645 210 206 7 5 1 0
7646 209 200 45 24 0 0
7646 210 205 7 5 1 0
7647 209 200 45 24 0 0
7647 210 204 7 5 1 0
7648 209 198 45 24 0 0
7648 210 203 7 5 1 0
7649 209 198 45 24 0 0
7649 211 203 7 5 1 0
7650 209 198 45 24 0 0
7650 212 203 7 5 1 0
7651 211 198 43 24 0 0
7651 212 202 7 5 1 0
7652 212 197 44 23 0 0
7652 212 202 7 5 1 0
7653 213 197 44 23 0 0
7653 212 202 8 5 1 0
7654 213 197 44 23 0 0
7654 213 202 8 5 1 0
7655 213 197 44 23 0 0
7655 213 201 8 6 1 0
7656 213 197 44 23 0 0
7656 213 201 8 6 1 0
7657 213 195 44 23 0 0
7657 214 200 8 6 1 0
7658 213 195 44 23 0 0
7658 214 198 8 7 1 0
7659 213 193 44 23 0 0
7659 214 196 8 7 1 0
7660 213 192 44 24 0 0
7660 214 196 8 7 1 0
7661 213 190 44 25 0 0
7661 214 195 8 7 1 0
7662 213 189 44 25 0 0
7662 214 193 8 7 1 0
7663 213 187 44 25 0 0
7663 214 192 8 7 1 0
7664 213 186 44 25 0 0
7664 214 191 8 7 1 0
7665 213 186 44 25 0 0
7665 214 191 8 7 1 0
7666 213 186 44 25 0 0
7666 214 191 8 7 1 0
7667 211 187 42 24 0 0
7667 213 191 8 7 1 0
7668 211 188 42 23 0 0
7668 211 191 8 7 1 0
7669 209 189 42 22 0 0
7669 209 192 8 7 1 0
7670 209 190 42 23 0 0
7670 209 193 8 7 1 0
7671 206 190 45 23 0 0
7671 209 193 8 7 1 0
7672 205 190 45 23 0 0
7672 209 194 8 7 1 0
7673 205 192 44 21 0 0
7673 208 194 8 7 1 0
7674 205 192 44 21 0 0
7674 207 194 8 7 1 0
7675 205 192 44 21 0 0
7675 207 195 8 7 1 0
7676 205 192 44 21 0 0
7676 207 196 8 7 1 0
7677 204 195 44 21 0 0
7677 207 197 8 7 1 0
7678 204 195 44 21 0 0
7678 207 198 8 7 1 0
7679 204 195 44 21 0 0
7679 207 198 8 7 1 0
7680 204 195 44 21 0 0
7680 207 200 8 7 1 0
7681 204 197 44 21 0 0
7681 207 200 8 7 1 0
7682 207 199 44 21 0 0
7682 209 203 8 7 1 0
7683 209 204 44 21 0 0
7683 213 205 8 7 1 0
7684 209 207 44 21 0 0
7684 216 207 8 7 1 0
7685 211 211 44 21 0 0
7685 217 209 8 7 1 0
7686 212 213 44 21 0 0
7686 218 213 8 7 1 0
7687 212 215 44 21 0 0
7687 220 216 8 7 1 0
7688 214 217 44 21 0 0
7688 220 216 8 7 1 0
7689 216 217 44 21 0 0
7689 221 217 8 7 1 0
7690 216 217 44 21 0 0
7690 222 217 8 7 1 0
7691 216 217 44 21 0 0
7691 222 217 8 7 1 0
7692 216 217 44 21 0 0
7692 222 217 8 7 1 0
7693 216 217 44 21 0 0
7693 222 217 8 7 1 0
7694 216 215 44 21 0 0
7694 222 216 8 6 1 0
7695 216 213 44 21 0 0
7695 222 216 8 6 1 0
7696 216 212 44 21 0 0
7696 219 216 8 6 1 0
7697 216 211 44 21 0 0
7697 219 215 9 7 1 0
7698 216 210 44 21 0 0
7698 219 214 9 7 1 0
7699 216 209 44 22 0 0
7699 218 214 9 7 1 0
7700 216 208 44 23 0 0
7700 217 214 9 7 1 0
7701 215 208 44 23 0 0
7701 217 213 9 7 1 0
7702 216 208 43 23 0 0
7702 219 211 9 7 1 0
7703 216 208 43 23 0 0
7703 222 211 8 7 1 0
7704 216 208 43 23 0 0
7704 222 211 8 7 1 0
7705 216 208 43 23 0 0
7705 222 211 8 7 1 0
7706 216 207 43 22 0 0
7706 221 211 9 7 1 0
7707 216 207 43 22 0 0
7707 221 211 9 7 1 0
7708 216 207 43 22 0 0
7708 221 209 9 7 1 0
7709 216 206 43 22 0 0
7709 221 208 9 7 1 0
7710 216 204 43 22 0 0
7710 221 207 9 7 1 0
7711 218 203 42 21 0 0
7711 221 207 9 7 1 0
7712 219 203 42 21 0 0
7712 221 207 9 7 1 0
7713 219 202 42 22 0 0
7713 221 207 9 7 1 0
7714 219 202 42 22 0 0
7714 221 207 9 7 1 0
7715 219 202 42 22 0 0
7715 221 206 9 7 1 0
7716 219 202 42 22 0 0
7716 220 205 9 7 1 0
7717 219 202 42 22 0 0
7717 220 205 9 7 1 0
7718 219 202 42 22 0 0
7718 220 205 9 7 1 0
7719 218 201 42 22 0 0
7719 220 205 9 7 1 0
7720 219 201 42 21 0 0
7720 220 205 9 6 1 0
7721 219 200 41 21 0 0
7721 220 205 9 5 1 0
7722 219 198 41 21 0 0
7722 220 203 9 7 1 0
7723 219 198 41 21 0 0
7723 223 200 9 7 1 0
7724 219 198 41 20 0 0
7724 223 200 9 7 1 0
7725 219 197 41 21 0 0
7725 224 199 9 7 1 0
7726 219 195 41 21 0 0
7726 224 198 9 7 1 0
7727 219 194 41 22 0 0
7727 224 197 9 7 1 0
7728 219 195 41 21 0 0
7728 225 197 9 7 1 0
7729 219 195 41 21 0 0
7729 225 197 9 7 1 0
7730 219 195 41 21 0 0
7730 225 197 9 7 1 0
7731 219 195 41 21 0 0
7731 225 197 9 7 1 0
7732 219 195 42 21 0 0
7732 225 197 9 7 1 0
7733 219 197 42 20 0 0
7733 225 197 9 7 1 0
7734 220 198 42 20 0 0
7734 225 197 9 7 1 0
7735 220 198 42 20 0 0
7735 226 198 9 7 1 0
7736 220 198 42 21 0 0
7736 226 198 9 7 1 0
7737 220 198 42 21 0 0
7737 226 198 9 7 1 0
7738 220 200 42 21 0 0
7738 226 200 9 7 1 0
7739 220 201 42 21 0 0
7739 226 201 9 7 1 0
7740 220 202 42 21 0 0
7740 226 201 9 7 1 0
7741 220 202 42 21 0 0
7741 226 201 9 7 1 0
7742 220 202 42 21 0 0
7742 226 201 9 7 1 0
7743 220 202 42 21 0 0
7743 226 201 9 7 1 0
7744 220 202 42 21 0 0
7744 226 201 9 7 1 0
7745 220 202 42 21 0 0
7745 226 202 9 7 1 0
7746 220 202 42 21 0 0
7746 226 202 9 7 1 0
7747 220 202 42 21 0 0
7747 228 202 9 7 1 0
7748 220 202 42 21 0 0
7748 228 202 9 7 1 0
7749 220 202 42 21 0 0
7749 228 202 9 7 1 0
7750 220 201 42 21 0 0
7750 228 202 9 7 1 0
7751 223 200 42 21 0 0
7751 228 202 9 7 1 0
7752 223 200 43 21 0 0
7752 230 202 9 7 1 0
7753 223 199 43 21 0 0
7753 230 202 9 7 1 0
7754 223 198 43 21 0 0
7754 230 202 9 7 1 0
7755 223 198 43 21 0 0
7755 230 202 9 7 1 0
7756 223 198 43 21 0 0
7756 230 202 9 7 1 0
7757 223 198 43 21 0 0
7757 230 202 9 7 1 0
7758 223 198 43 21 0 0
7758 230 202 9 7 1 0
7759 223 198 43 21 0 0
7759 230 202 9 7 1 0
7760 223 198 43 21 0 0
7760 230 202 9 7 1 0
7761 223 197 43 21 0 0
7761 230 202 9 7 1 0
7762 223 196 43 20 0 0
7762 230 202 9 7 1 0
7763 223 196 43 20 0 0
7763 231 200 9 7 1 0
7764 223 195 43 20 0 0
7764 231 200 9 7 1 0
7765 223 194 43 20 0 0
7765 232 200 9 7 1 0
7766 221 194 43 20 0 0
7766 232 200 9 7 1 0
7767 220 193 43 20 0 0
7767 232 199 9 7 1 0
7768 218 194 43 20 0 0
7768 232 199 9 7 1 0
7769 217 194 43 20 0 0
7769 231 199 10 6 1 0
7770 216 194 43 20 0 0
7770 230 199 9 6 1 0
7771 215 192 43 19 0 0
7771 228 197 9 6 1 0
7772 214 191 42 19 0 0
7772 226 196 9 6 1 0
7773 211 190 43 18 0 0
7773 226 195 8 6 1 0
7774 210 188 43 18 0 0
7774 224 194 9 6 1 0
7775 209 187 43 18 0 0
7775 224 193 9 6 1 0
7776 209 186 43 18 0 0
7776 220 189 9 7 1 0
7777 208 186 43 18 0 0
7777 219 189 9 7 1 0
7778 207 182 43 20 0 0
7778 219 187 9 7 1 0
7779 206 182 43 20 0 0
7779 219 186 9 7 1 0
7780 205 182 43 20 0 0
7780 218 186 9 7 1 0
7781 205 182 43 20 0 0
7781 217 186 9 7 1 0
7782 205 182 43 20 0 0
7782 217 186 9 7 1 0
7783 204 182 43 20 0 0
7783 217 186 9 7 1 0
7784 203 182 43 20 0 0
7784 217 186 9 7 1 0
7785 203 182 43 20 0 0
7785 216 186 9 7 1 0
7786 203 182 43 20 0 0
7786 215 186 9 6 1 0
7787 203 178 43 20 0 0
7787 215 183 9 6 1 0
7788 203 177 43 20 0 0
7788 215 181 9 6 1 0
7789 203 176 43 20 0 0
7789 215 180 9 6 1 0
7790 203 173 43 22 0 0
7790 213 180 9 6 1 0
7791 201 172 45 23 0 0
7791 213 178 9 6 1 0
7792 201 171 45 23 0 0
7792 213 176 9 6 1 0
7793 201 169 45 23 0 0
7793 213 176 9 6 1 0
7794 201 168 45 23 0 0
7794 213 176 9 6 1 0
7795 201 167 45 23 0 0
7795 213 176 9 6 1 0
7796 201 167 45 23 0 0
7796 215 174 9 6 1 0
7797 201 167 46 22 0 0
7797 215 173 9 6 1 0
7798 205 167 42 20 0 0
7798 215 172 9 6 1 0
7799 206 166 41 20 0 0
7799 215 171 9 6 1 0
7800 207 165 43 20 0 0
7800 217 170 9 6 1 0
7801 207 164 43 20 0 0
7801 219 169 9 7 1 0
7802 207 163 44 20 0 0
7802 219 167 9 7 1 0
7803 207 161 47 20 0 0
7803 220 165 9 7 1 0
7804 210 159 45 21 0 0
7804 222 165 9 7 1 0
7805 210 157 45 21 0 0
7805 222 163 9 7 1 0
7806 212 156 45 21 0 0
7806 223 161 9 7 1 0
7807 213 155 45 21 0 0
7807 225 159 9 7 1 0
7808 213 153 45 21 0 0
7808 226 157 9 7 1 0
7809 214 151 45 21 0 0
7809 228 156 8 7 1 0
7810 216 150 45 21 0 0
7810 229 156 8 7 1 0
7811 218 149 45 20 0 0
7811 231 155 8 7 1 0
7812 218 149 45 20 0 0
7812 233 155 8 7 1 0
7813 220 150 45 20 0 0
7813 234 155 8 7 1 0
7814 221 151 45 20 0 0
7814 235 155 8 7 1 0
7815 222 151 45 20 0 0
7815 236 155 8 7 1 0
7816 224 151 45 20 0 0
7816 239 155 8 7 1 0
7817 226 150 45 20 0 0
7817 241 155 8 7 1 0
7818 228 150 45 20 0 0
7818 242 155 8 7 1 0
7819 230 152 45 20 0 0
7819 243 155 9 7 1 0
7820 232 152 45 20 0 0
7820 245 156 9 7 1 0
7821 235 152 45 20 0 0
7821 247 156 9 7 1 0
7822 236 152 45 20 0 0
7822 248 157 9 7 1 0
7823 237 153 45 20 0 0
7823 250 157 9 7 1 0
7824 240 154 43 20 0 0
7824 251 157 9 7 1 0
7825 242 154 43 20 0 0
7825 253 158 9 7 1 0
7826 244 154 43 20 0 0
7826 255 158 9 7 1 0
7827 245 154 43 20 0 0
7827 256 158 9 7 1 0
7828 246 154 43 19 0 0
7828 257 158 9 7 1 0
7829 246 154 43 19 0 0
7829 258 158 9 7 1 0
7830 246 153 43 19 0 0
7830 259 157 9 7 1 0
7831 247 153 43 19 0 0
7831 260 157 9 7 1 0
7832 248 153 43 19 0 0
7832 260 157 9 7 1 0
7833 248 153 43 19 0 0
7833 260 157 9 7 1 0
7834 248 153 43 19 0 0
7834 260 157 9 7 1 0
7835 249 153 43 19 0 0
7835 260 157 9 7 1 0
7836 248 151 43 19 0 0
7836 260 157 9 7 1 0
7837 248 150 43 19 0 0
7837 260 155 9 7 1 0
7838 248 150 43 19 0 0
7838 260 153 9 7 1 0
7839 248 148 43 19 0 0
7839 260 151 9 7 1 0
7840 248 146 43 19 0 0
7840 260 150 9 7 1 0
7841 247 146 43 19 0 0
7841 260 150 9 7 1 0
7842 246 146 43 19 0 0
7842 260 150 9 7 1 0
7843 245 148 43 19 0 0
7843 259 150 9 7 1 0
7844 245 148 43 19 0 0
7844 258 151 9 7 1 0
7845 245 148 43 19 0 0
7845 258 152 9 7 1 0
7846 244 148 43 19 0 0
7846 258 153 9 7 1 0
7847 243 150 43 19 0 0
7847 258 154 9 7 1 0
7848 245 151 43 19 0 0
7848 258 155 9 7 1 0
7849 245 153 43 19 0 0
7849 258 155 9 7 1 0
7850 245 153 43 19 0 0
7850 258 155 9 7 1 0
7851 245 155 43 19 0 0
7851 257 157 8 7 1 0
7852 245 156 43 19 0 0
7852 257 159 8 7 1 0
7853 245 157 43 19 0 0
7853 257 160 8 7 1 0
7854 245 160 43 19 0 0
7854 257 162 8 7 1 0
7855 245 160 43 19 0 0
7855 257 163 8 7 1 0
7856 245 163 43 19 0 0
7856 257 164 8 7 1 0
7857 245 165 43 19 0 0
7857 257 166 8 7 1 0
7858 245 167 43 19 0 0
7858 257 168 8 7 1 0
7859 245 172 43 19 0 0
7859 257 170 8 7 1 0
7860 245 177 43 19 0 0
7860 257 177 8 7 1 0
7861 245 182 43 19 0 0
7861 257 180 8 7 1 0
7862 244 185 43 19 0 0
7862 257 183 8 8 1 0
7863 244 189 43 19 0 0
7863 256 191 8 8 1 0
7864 242 190 43 19 0 0
7864 255 191 8 8 1 0
7865 242 192 43 19 0 0
7865 254 193 8 8 1 0
7866 242 193 43 19 0 0
7866 254 195 8 8 1 0
7867 242 195 43 19 0 0
7867 254 196 8 8 1 0
7868 242 195 43 19 0 0
7868 254 197 8 8 1 0
7869 242 195 43 19 0 0
7869 254 198 8 8 1 0
7870 241 195 43 19 0 0
7870 254 198 8 8 1 0
7871 241 195 43 19 0 0
7871 254 198 8 8 1 0
7872 241 195 43 19 0 0
7872 254 198 8 8 1 0
7873 241 195 43 19 0 0
7873 254 198 8 8 1 0
7874 241 195 43 19 0 0
7874 254 198 8 8 1 0
7875 241 195 43 19 0 0
7875 254 198 8 8 1 0
7876 241 195 43 19 0 0
7876 254 198 8 8 1 0
7877 241 195 43 19 0 0
7877 254 198 8 8 1 0
7878 241 196 43 19 0 0
7878 254 198 8 8 1 0
7879 241 196 43 19 0 0
7879 254 198 8 8 1 0
7880 241 196 43 19 0 0
7880 254 198 8 8 1 0
7881 241 196 43 19 0 0
7881 254 200 8 8 1 0
7882 241 196 43 19 0 0
7882 254 201 8 8 1 0
7883 241 196 43 19 0 0
7883 254 201 8 8 1 0
7884 241 196 43 19 0 0
7884 254 201 8 8 1 0
7885 241 197 43 19 0 0
7885 254 201 8 8 1 0
7886 241 198 43 19 0 0
7886 253 201 8 8 1 0
7887 241 198 43 19 0 0
7887 253 201 8 8 1 0
7888 240 198 42 19 0 0
7888 253 201 8 8 1 0
7889 239 198 42 19 0 0
7889 251 201 8 8 1 0
7890 238 198 42 19 0 0
7890 250 201 8 8 1 0
7891 237 198 42 19 0 0
7891 249 201 8 8 1 0
7892 236 197 42 19 0 0
7892 248 201 8 8 1 0
7893 233 196 42 19 0 0
7893 247 199 8 8 1 0
7894 233 196 42 19 0 0
7894 245 199 8 8 1 0
7895 231 195 42 19 0 0
7895 244 199 8 8 1 0
7896 231 195 42 19 0 0
7896 242 198 8 7 1 0
7897 230 195 42 19 0 0
7897 242 198 8 7 1 0
7898 230 195 42 19 0 0
7898 242 198 8 7 1 0
7899 229 195 42 19 0 0
7899 241 198 8 7 1 0
7900 228 195 42 19 0 0
7900 240 197 8 7 1 0
7901 228 192 42 19 0 0
7901 239 195 8 7 1 0
7902 227 191 42 19 0 0
7902 238 195 8 7 1 0
7903 226 190 42 19 0 0
7903 238 194 8 7 1 0
7904 225 189 42 19 0 0
7904 238 192 8 7 1 0
7905 225 188 42 19 0 0
7905 238 191 8 7 1 0
7906 225 187 42 19 0 0
7906 237 191 8 7 1 0
7907 224 186 42 19 0 0
7907 237 190 8 7 1 0
7908 224 185 42 19 0 0
7908 237 189 8 7 1 0
7909 224 185 42 19 0 0
7909 236 188 9 8 1 0
7910 224 185 42 19 0 0
7910 236 188 9 8 1 0
7911 224 185 42 19 0 0
7911 236 188 9 8 1 0
7912 224 185 42 19 0 0
7912 236 188 9 8 1 0
7913 224 185 42 19 0 0
7913 236 188 9 8 1 0
7914 224 186 42 19 0 0
7914 236 188 9 8 1 0
7915 225 186 42 19 0 0
7915 236 188 9 8 1 0
7916 225 186 42 20 0 0
7916 236 188 9 8 1 0
7917 225 186 42 21 0 0
7917 236 188 9 8 1 0
7918 225 186 43 22 0 0
7918 238 192 8 6 1 0
7919 225 186 44 22 0 0
7919 238 193 8 6 1 0
7920 225 187 44 21 0 0
7920 238 193 8 6 1 0
7921 225 187 44 21 0 0
7921 238 193 8 6 1 0
7922 225 187 44 21 0 0
7922 238 193 8 6 1 0
7923 225 187 44 21 0 0
7923 240 193 8 6 1 0
7924 226 187 44 20 0 0
7924 240 193 8 6 1 0
7925 226 186 44 20 0 0
7925 240 191 8 6 1 0
7926 226 186 44 20 0 0
7926 240 190 8 6 1 0
7927 226 186 44 20 0 0
7927 240 189 8 6 1 0
7928 226 184 44 20 0 0
7928 240 188 8 6 1 0
7929 228 183 44 20 0 0
7929 240 187 8 6 1 0
7930 228 182 44 20 0 0
7930 240 186 8 6 1 0
7931 228 181 44 20 0 0
7931 240 185 8 6 1 0
7932 228 180 44 20 0 0
7932 242 185 8 6 1 0
7933 229 179 44 20 0 0
7933 243 184 8 6 1 0
7934 229 179 44 20 0 0
7934 243 184 8 6 1 0
7935 229 179 44 20 0 0
7935 244 184 8 6 1 0
7936 232 179 44 20 0 0
7936 246 184 8 6 1 0
7937 233 179 44 20 0 0
7937 248 184 8 6 1 0
7938 234 177 44 20 0 0
7938 248 182 8 6 1 0
7939 236 175 44 20 0 0
7939 248 180 8 6 1 0
7940 237 174 44 20 0 0
7940 250 179 8 6 1 0
7941 237 174 44 20 0 0
7941 251 179 8 6 1 0
7942 237 174 44 20 0 0
7942 252 179 8 6 1 0
7943 238 174 45 20 0 0
7943 253 179 8 6 1 0
7944 239 173 45 20 0 0
7944 253 178 9 6 1 0
7945 240 171 45 20 0 0
7945 253 177 9 6 1 0
7946 240 171 45 20 0 0
7946 253 176 9 6 1 0
7947 240 171 45 20 0 0
7947 253 174 9 7 1 0
7948 240 170 45 20 0 0
7948 254 174 9 7 1 0
7949 240 169 45 20 0 0
7949 255 174 9 7 1 0
7950 240 169 45 20 0 0
7950 254 174 10 7 1 0
7951 239 169 45 20 0 0
7951 253 174 10 7 1 0
7952 239 169 44 20 0 0
7952 253 174 10 7 1 0
7953 239 169 44 20 0 0
7953 253 174 10 7 1 0
7954 239 170 44 20 0 0
7954 253 174 10 6 1 0
7955 239 168 44 22 0 0
7955 252 174 10 6 1 0
7956 239 168 44 22 0 0
7956 252 174 10 6 1 0
7957 239 168 44 22 0 0
7957 252 174 10 6 1 0
7958 239 165 44 23 0 0
7958 252 172 8 6 1 0
7959 239 163 44 23 0 0
7959 252 171 8 6 1 0
7960 238 163 44 23 0 0
7960 252 170 8 6 1 0
7961 237 164 44 21 0 0
7961 252 169 8 6 1 0
7962 237 164 44 21 0 0
7962 252 169 8 6 1 0
7963 237 164 44 21 0 0
7963 252 170 8 6 1 0
7964 243 164 40 21 0 0
7964 252 170 8 6 1 0
7965 244 164 41 21 0 0
7965 253 170 8 6 1 0
7966 244 166 41 21 0 0
7966 254 170 8 6 1 0
7967 246 166 42 22 0 0
7967 255 170 8 6 1 0
7968 246 168 42 20 0 0
7968 259 173 9 5 1 0
7969 246 168 44 20 0 0
7969 259 174 9 5 1 0
7970 246 168 44 20 0 0
7970 259 174 9 5 1 0
7971 247 168 45 21 0 0
7971 261 174 9 5 1 0
7972 247 168 45 20 0 0
7972 261 174 9 5 1 0
7973 249 166 44 21 0 0
7973 262 174 9 5 1 0
7974 249 166 44 21 0 0
7974 262 172 9 7 1 0
7975 249 166 44 21 0 0
7975 262 171 9 8 1 0
7976 249 166 44 21 0 0
7976 262 171 9 8 1 0
7977 249 166 44 21 0 0
7977 263 171 9 8 1 0
7978 249 166 44 21 0 0
7978 263 170 9 8 1 0
7979 249 166 44 21 0 0
7979 263 170 9 7 1 0
7980 249 165 44 21 0 0
7980 263 170 9 7 1 0
7981 249 166 44 19 0 0
7981 263 170 9 7 1 0
7982 251 166 40 19 0 0
7982 263 170 9 7 1 0
7983 251 166 40 19 0 0
7983 262 169 9 7 1 0
7984 251 164 40 20 0 0
7984 262 169 9 7 1 0
7985 251 164 40 20 0 0
7985 262 169 9 7 1 0
7986 251 164 40 20 0 0
7986 262 167 9 7 1 0
7987 251 162 40 20 0 0
7987 262 165 9 7 1 0
7988 251 160 40 20 0 0
7988 262 164 9 7 1 0
7989 254 159 40 20 0 0
7989 262 164 9 7 1 0
7990 254 158 40 20 0 0
7990 265 162 8 7 1 0
7991 255 157 40 20 0 0
7991 265 160 8 7 1 0
7992 256 155 40 21 0 0
7992 267 159 8 7 1 0
7993 256 153 41 23 0 0
7993 267 157 8 7 1 0
7994 258 153 41 23 0 0
7994 268 156 8 7 1 0
7995 258 149 41 23 0 0
7995 269 155 8 8 1 0
7996 258 148 42 22 0 0
7996 270 153 8 8 1 0
7997 258 148 42 22 0 0
7997 271 153 8 8 1 0
7998 261 147 40 22 0 0
7998 273 155 -6 -6 1 0
7999 262 147 40 22 0 0
8000 262 146 40 22 0 0
8001 262 145 40 22 0 0
8002 263 145 40 21 0 0
8003 263 144 41 22 0 0
8004 264 143 41 22 0 0
8005 265 142 40 22 0 0
8006 266 142 40 21 0 0
8007 265 141 41 21 0 0
8008 266 140 39 21 0 0
8009 266 139 39 22 0 0
8010 265 138 40 23 0 0
8011 265 136 40 22 0 0
8012 265 135 40 23 0 0
8013 265 134 40 22 0 0
8014 265 134 40 22 0 0
8015 266 133 39 22 0 0
8016 266 132 40 23 0 0
8017 267 132 40 23 0 0
8018 268 131 40 24 0 0
8019 269 132 40 23 0 0
8020 270 132 40 23 0 0
8021 271 131 40 23 0 0
8022 272 130 41 23 0 0
8023 273 130 40 21 0 0
8024 274 128 40 23 0 0
8025 274 127 41 23 0 0
8026 275 127 41 21 0 0
8027 276 125 40 22 0 0
8028 276 125 40 21 0 0
8029 277 125 40 21 0 0
8030 277 124 41 22 0 0
8031 278 123 40 22 0 0
8032 278 122 40 22 0 0
8033 278 122 39 22 0 0
8034 278 121 40 22 0 0
8035 278 121 40 23 0 0
8036 278 121 40 22 0 0
8037 279 121 39 22 0 0
8038 279 120 39 22 0 0
8039 279 119 40 23 0 0
8040 279 118 40 23 0 0
8041 279 118 41 22 0 0
8042 279 117 41 22 0 0
8043 280 116 41 22 0 0
8044 281 116 41 22 0 0
8045 282 113 41 23 0 0
8046 282 113 42 23 0 0
8047 285 112 40 23 0 0
8048 285 111 41 23 0 0
8049 286 109 41 25 0 0
8050 288 108 41 25 0 0
8051 290 108 40 23 0 0
8052 291 108 40 23 0 0
8053 293 107 40 24 0 0
8054 293 107 41 24 0 0
8055 295 107 41 24 0 0
8056 296 107 41 24 0 0
8057 297 106 42 25 0 0
8058 299 105 41 26 0 0
8059 301 105 41 26 0 0
8060 302 104 41 25 0 0
8061 303 103 41 26 0 0
8062 303 102 42 26 0 0
8063 305 101 41 26 0 0
8064 305 101 42 25 0 0
8065 307 99 41 25 0 0
8066 307 99 42 25 0 0
8067 307 98 42 25 0 0
8068 308 97 41 25 0 0
8069 309 97 41 25 0 0
8070 308 97 43 24 0 0
8071 311 97 40 26 0 0
8072 310 98 41 26 0 0
8073 309 100 42 26 0 0
8074 308 101 43 28 0 0
8075 309 103 43 27 0 0
8076 310 105 41 26 0 0
8077 310 107 41 26 0 0
8078 309 108 42 27 0 0
8079 309 110 42 25 0 0
8080 309 111 43 26 0 0
8081 308 111 43 28 0 0
8082 308 112 43 27 0 0
8083 308 112 43 27 0 0
8084 311 114 41 27 0 0
8085 311 114 41 27 0 0
8086 311 117 41 26 0 0
8087 311 118 42 26 0 0
8088 312 118 42 27 0 0
8089 311 119 44 27 0 0
8090 311 119 44 27 0 0
8091 314 120 42 28 0 0
8092 316 120 41 29 0 0
8093 317 121 42 28 0 0
8094 319 122 40 28 0 0
8095 320 122 40 28 0 0
8096 322 124 40 26 0 0
8097 325 125 38 26 0 0
8098 327 126 38 25 0 0
8099 327 126 40 25 0 0
8100 329 125 40 26 0 0
8101 331 126 39 25 0 0
8102 332 126 39 26 0 0
8103 334 127 39 24 0 0
8104 334 127 40 24 0 0
8105 336 127 38 25 0 0
8106 336 127 39 26 0 0
8107 336 127 39 28 0 0
8108 337 128 39 28 0 0
8109 337 128 39 29 0 0
8110 337 131 39 27 0 0
8111 336 134 40 25 0 0
8112 336 134 39 26 0 0
8113 336 134 40 28 0 0
8114 336 135 39 27 0 0
8115 336 136 39 27 0 0
8116 334 137 40 27 0 0
8117 334 139 40 27 0 0
8118 334 141 39 28 0 0
8119 333 143 40 26 0 0
8120 333 143 39 26 0 0
8121 332 144 40 26 0 0
8122 332 144 40 26 0 0
8123 332 144 40 27 0 0
8124 333 145 39 26 0 0
8125 333 145 39 26 0 0
8126 332 146 40 26 0 0
8127 333 147 39 27 0 0
8128 332 147 40 28 0 0
8129 332 150 40 27 0 0
8130 332 151 39 29 0 0
8131 332 153 39 29 0 0
8132 332 156 39 30 0 0
8133 332 158 39 30 0 0
8134 332 160 39 30 0 0
8135 332 163 39 29 0 0
8136 332 166 38 28 0 0
8137 332 169 39 27 0 0
8138 332 171 38 27 0 0
8139 332 172 38 28 0 0
8140 332 173 38 28 0 0
8141 332 174 38 28 0 0
8142 332 175 38 28 0 0
8143 332 175 38 28 0 0
8144 333 175 37 28 0 0
8145 333 173 37 28 0 0
8146 334 173 36 28 0 0
8147 334 172 36 28 0 0
8148 334 172 36 28 0 0
8149 334 172 37 28 0 0
8150 335 171 36 29 0 0
8151 335 170 37 29 0 0
8152 335 170 37 28 0 0
8153 335 169 37 29 0 0
8154 335 169 37 29 0 0
8155 336 167 37 30 0 0
8156 335 167 38 30 0 0
8157 335 167 38 31 0 0
8158 335 169 38 30 0 0
8159 335 170 37 30 0 0
8160 335 170 37 32 0 0
8161 335 173 38 29 0 0
8162 335 173 37 31 0 0
8163 334 175 37 31 0 0
8164 335 177 36 31 0 0
8165 334 179 37 30 0 0
8166 334 179 37 30 0 0
8167 333 177 38 32 0 0
8168 334 177 37 32 0 0
8169 333 177 38 32 0 0
8170 332 177 38 31 0 0
8171 331 176 38 33 0 0
8172 330 176 38 31 0 0
8173 328 177 39 31 0 0
8174 328 177 37 32 0 0
8175 327 177 36 33 0 0
8176 326 177 36 33 0 0
8177 324 180 37 32 0 0
8178 322 180 38 33 0 0
8179 321 181 38 33 0 0
8180 320 185 38 31 0 0
8181 320 186 37 32 0 0
8182 319 186 38 34 0 0
8183 319 188 38 34 0 0
8184 320 189 37 34 0 0
8185 320 191 38 33 0 0
8186 321 191 37 33 0 0
8187 321 192 38 33 0 0
8188 322 193 37 32 0 0
8189 322 193 37 33 0 0
8190 323 192 37 34 0 0
8191 323 192 37 34 0 0
8192 324 192 37 33 0 0
8193 325 192 36 33 0 0
8194 326 190 36 33 0 0
8195 326 190 36 32 0 0
8196 326 188 37 32 0 0
8197 328 185 35 34 0 0
8198 327 184 36 33 0 0
8199 327 182 37 33 0 0
8200 327 181 38 33 0 0
8201 327 179 37 34 0 0
8202 327 177 37 34 0 0
8203 327 175 37 34 0 0
8204 327 175 36 33 0 0
8205 327 175 36 32 0 0
8206 327 174 36 32 0 0
8207 327 171 35 34 0 0
8208 326 170 36 34 0 0
8209 326 168 36 35 0 0
8210 326 168 36 33 0 0
8211 326 166 36 36 0 0
8212 325 165 37 36 0 0
8213 325 166 37 35 0 0
8214 327 165 36 34 0 0
8215 327 163 37 34 0 0
8216 327 161 38 35 0 0
8217 329 158 37 35 0 0
8218 331 155 36 34 0 0
8219 332 153 36 34 0 0
8220 333 149 36 35 0 0
8221 333 148 36 34 0 0
8222 333 147 36 34 0 0
8223 333 145 37 35 0 0
8224 334 144 35 35 0 0
8225 333 144 36 34 0 0
8226 333 140 35 36 0 0
8227 333 136 35 38 0 0
8228 333 133 35 36 0 0
8229 332 129 36 38 0 0
8230 332 126 35 37 0 0
8231 332 123 35 37 0 0
8232 332 121 35 36 0 0
8233 333 120 34 36 0 0
8234 334 118 34 37 0 0
8235 334 118 36 36 0 0
8236 335 116 36 36 0 0
8237 337 116 34 35 0 0
8238 338 114 34 36 0 0
8239 339 114 34 35 0 0
8240 340 113 34 36 0 0
8241 341 112 34 37 0 0
8242 341 111 35 38 0 0
8243 342 111 34 38 0 0
8244 342 111 34 38 0 0
8245 342 111 35 39 0 0
8246 342 111 35 39 0 0
8247 343 111 33 39 0 0
8248 343 113 34 38 0 0
8249 342 113 34 39 0 0
8250 342 113 34 40 0 0
8251 343 115 33 39 0 0
8252 343 117 33 37 0 0
8253 344 117 33 37 0 0
8254 345 118 33 36 0 0
8255 346 116 33 38 0 0
8256 351 116 30 38 0 0
8257 351 115 32 38 0 0
8258 353 113 33 38 0 0
8259 355 111 33 37 0 0
8260 358 107 33 38 0 0
8261 360 105 33 38 0 0
8262 362 103 33 38 0 0
8263 367 102 31 37 0 0
8264 367 102 33 37 0 0
8265 368 100 34 38 0 0
8266 371 97 32 41 0 0
8267 373 97 32 41 0 0
8268 373 98 33 41 0 0
8269 374 99 33 38 0 0
8270 374 96 33 41 0 0
8271 375 97 32 39 0 0
8272 375 97 32 40 0 0
8273 374 97 32 41 0 0
8274 373 97 33 42 0 0
8275 373 98 33 43 0 0
8276 373 101 32 40 0 0
8277 371 101 34 42 0 0
8278 371 101 34 43 0 0
8279 371 101 33 43 0 0
8280 371 101 33 43 0 0
8281 372 101 32 42 0 0
8282 372 101 32 41 0 0
8283 373 100 32 41 0 0
8284 374 98 31 44 0 0
8285 375 99 31 42 0 0
8286 375 96 32 42 0 0
8287 375 94 34 43 0 0
8288 376 94 33 40 0 0
8289 377 91 33 41 0 0
8290 379 91 31 40 0 0
8291 380 92 30 40 0 0
8292 379 93 31 41 0 0
8293 381 94 30 41 0 0
8294 382 95 29 40 0 0
8295 383 95 28 41 0 0
8296 383 95 29 42 0 0
8297 385 97 29 40 0 0
8298 386 97 29 40 0 0
8299 388 97 29 39 0 0
8300 390 97 28 40 0 0
8301 391 97 28 41 0 0
8302 394 101 28 40 0 0
8303 396 103 28 41 0 0
8304 399 105 28 40 0 0
8305 403 107 27 41 0 0
8306 407 107 27 44 0 0
8307 411 111 27 41 0 0
8308 415 112 28 42 0 0
8309 418 114 28 40 0 0
8310 423 114 28 41 0 0
8311 425 113 28 42 0 0
8312 429 113 26 42 0 0
8313 432 113 26 41 0 0
8314 433 112 26 42 0 0
8315 434 111 26 42 0 0
8316 435 110 26 42 0 0
8317 436 111 25 41 0 0
8318 436 110 25 42 0 0
8319 435 111 26 41 0 0
8320 435 110 25 42 0 0
8321 433 110 26 42 0 0
8322 433 110 26 42 0 0
8323 432 111 25 41 0 0
8324 430 112 26 41 0 0
8325 428 112 25 42 0 0
8326 425 113 27 42 0 0
8327 425 115 25 44 0 0
8328 424 118 25 43 0 0
8329 423 122 23 43 0 0
8330 421 127 24 41 0 0
8331 421 129 23 43 0 0
8332 421 133 22 43 0 0
8333 422 136 20 45 0 0
8334 422 140 21 43 0 0
8335 422 143 21 43 0 0
8336 423 146 21 42 0 0
8337 423 148 23 43 0 0
8338 424 149 23 43 0 0
8339 426 151 23 43 0 0
8340 427 152 23 41 0 0
8341 429 153 22 42 0 0
8342 430 153 22 42 0 0
8343 431 153 21 43 0 0
8344 432 153 21 43 0 0
8345 433 153 21 42 0 0
8346 433 153 21 43 0 0
8347 434 153 20 42 0 0
8348 434 153 20 42 0 0
8349 434 153 20 41 0 0
8350 434 152 20 42 0 0
8351 434 152 20 41 0 0
8352 434 152 20 41 0 0
8353 434 152 21 41 0 0
8354 435 150 21 43 0 0
8355 436 150 20 42 0 0
8356 436 148 20 43 0 0
8357 437 148 19 44 0 0
8358 437 147 20 45 0 0
8359 439 148 19 43 0 0
8360 439 148 19 43 0 0
8361 439 149 19 42 0 0
8362 439 151 19 42 0 0
8363 440 151 18 43 0 0
8364 439 151 20 43 0 0
8365 439 153 20 44 0 0
8366 439 154 20 44 0 0
8367 439 156 21 44 0 0
8368 440 157 20 45 0 0
8369 441 159 20 43 0 0
8370 441 159 20 43 0 0
8371 441 160 21 43 0 0
8372 442 160 20 44 0 0
8373 443 161 20 43 0 0
8374 443 162 20 44 0 0
8375 444 164 19 44 0 0
8376 444 165 20 44 0 0
8377 444 166 20 43 0 0
8378 444 167 20 43 0 0
8379 444 168 21 43 0 0
8380 445 168 20 44 0 0
8381 445 169 20 44 0 0
8382 445 170 19 45 0 0
8383 444 171 19 45 0 0
8384 443 172 19 44 0 0
8385 443 173 18 43 0 0
8386 442 173 18 44 0 0
8387 440 173 18 43 0 0
8388 440 171 19 44 0 0
8389 439 169 19 44 0 0
8390 439 168 19 44 0 0
8391 439 168 19 44 0 0
8392 439 167 19 44 0 0
8393 439 167 19 44 0 0
8394 440 167 18 44 0 0
8395 440 167 19 44 0 0
8396 442 167 17 45 0 0
8397 442 169 18 45 0 0
8398 442 170 18 45 0 0
8399 443 172 17 43 0 0
8400 444 172 16 45 0 0
8401 444 174 16 46 0 0
8402 444 177 16 46 0 0
8403 443 180 17 46 0 0
8404 443 184 17 47 0 0
8405 443 188 17 46 0 0
8406 443 193 16 45 0 0
8407 443 195 16 43 0 0
8408 442 199 17 42 0 0
8409 441 201 18 43 0 0
8410 441 205 18 43 0 0
8411 441 207 17 44 0 0
8412 440 211 18 45 0 0
8413 440 214 19 45 0 0
8414 440 218 18 45 0 0
8415 440 221 20 44 0 0
8416 442 225 20 43 0 0
8417 443 227 20 44 0 0
8418 444 230 21 44 0 0